3072
236
238
37
141
233
73
237
66
4
143
129
101
231
178
158
90
4
248
219
102
46
206
173
155
49
81
171
103
159
9
22
11
133
165
252
198
209
48
82
250
136
182
207
87
185
122
30
50
71
219
5
18
58
33
156
33
146
210
136
229
157
2
118
93
153
216
3
33
141
225
74
163
136
123
90
166
117
118
188
91
33
211
157
10
171
107
126
113
207
255
143
21
7
56
37
200
89
96
197
190
232
23
24
226
124
25
143
133
155
231
84
66
212
134
223
242
57
178
56
188
6
105
165
12
206
192
19
88
76
68
227
144
117
99
65
202
227
182
130
31
137
82
115
36
90
103
106
97
212
133
226
211
103
230
248
121
189
158
235
12
175
249
103
156
158
165
166
127
72
207
130
51
254
63
181
8
251
68
231
165
123
130
181
231
230
194
146
147
65
51
224
106
227
195
6
45
181
84
129
207
202
136
23
44
64
72
228
225
224
142
159
14
47
148
223
53
247
199
175
142
89
81
245
96
147
117
110
72
146
179
243
77
160
127
35
217
136
86
218
100
75
235
110
45
182
238
119
158
189
74
247
53
236
130
249
17
50
203
132
3
240
28
142
88
175
99
163
54
246
1
254
188
90
101
209
235
129
6
74
67
149
2
186
60
187
51
84
104
243
108
31
4
99
20
167
238
141
187
255
192
72
217
84
50
46
170
87
195
65
197
34
127
103
83
7
24
56
174
21
66
71
173
78
44
255
190
96
139
162
245
150
189
243
186
228
123
213
122
154
44
41
49
237
183
45
55
231
159
72
4
127
85
76
200
103
150
23
134
141
78
81
65
66
4
253
87
240
20
141
198
226
177
13
202
156
151
33
20
45
188
24
11
38
160
220
198
39
91
232
231
144
229
74
4
189
80
59
11
167
134
5
40
230
212
193
6
15
183
140
2
182
72
64
246
119
5
117
253
115
171
54
67
110
46
223
238
251
158
178
139
178
240
157
13
2
167
217
191
24
60
132
163
94
6
186
120
115
169
10
46
48
153
140
48
164
83
92
103
54
214
23
123
155
97
52
241
203
34
0
147
210
125
176
142
254
119
118
43
69
138
235
87
89
221
170
172
107
129
204
61
97
50
20
80
150
72
223
227
20
252
195
169
162
60
193
120
246
41
119
133
179
44
36
38
73
225
16
82
147
198
33
247
24
109
225
206
22
131
232
254
162
164
1
120
162
201
152
99
29
192
21
255
239
237
69
72
188
158
226
230
203
8
62
12
100
199
73
47
204
149
20
9
167
117
240
110
255
1
114
74
208
183
93
61
107
63
6
248
61
76
187
61
114
216
4
45
13
250
94
185
18
158
78
74
127
133
30
221
220
217
129
212
14
100
243
79
32
221
24
162
22
205
15
175
97
214
118
149
148
110
182
177
72
57
26
69
71
15
101
238
182
157
196
160
7
134
8
17
54
112
75
93
85
95
186
173
142
238
247
21
31
22
152
226
10
88
2
26
197
205
115
144
243
54
162
214
42
4
216
21
83
232
203
128
55
249
119
133
124
176
114
15
164
34
89
57
206
67
123
149
96
103
115
164
11
134
114
14
172
113
97
45
66
34
74
240
137
100
1
30
52
246
180
51
62
36
66
150
97
111
39
112
52
177
33
248
52
56
52
197
157
227
103
46
124
4
87
22
88
224
73
183
234
31
55
241
43
156
179
77
64
55
87
199
187
154
35
65
207
207
77
201
142
193
84
166
242
82
20
16
4
8
62
28
134
186
108
251
123
210
61
130
30
140
83
201
171
171
239
182
105
129
64
6
97
218
128
0
217
228
79
150
184
73
19
168
62
94
130
244
229
89
165
111
89
55
89
223
136
174
49
43
125
7
253
64
195
137
243
118
45
83
5
51
241
255
224
70
251
183
100
242
64
5
255
212
37
222
205
92
168
110
24
225
58
222
148
228
55
139
154
222
121
92
71
22
255
203
186
12
222
251
91
238
219
206
77
22
181
253
221
5
78
239
57
40
106
138
44
17
201
188
205
79
162
207
233
248
160
175
251
110
128
80
82
51
74
243
11
115
88
172
30
47
125
62
152
56
34
56
58
63
137
93
74
148
196
58
235
69
93
184
245
173
121
154
29
174
63
72
216
219
176
178
157
242
62
67
29
150
247
31
242
160
107
167
15
239
177
105
174
158
173
66
106
82
102
22
166
229
40
170
102
127
19
34
66
5
174
8
30
227
106
80
51
57
77
172
182
141
223
241
230
115
216
235
97
127
192
136
170
27
202
56
177
21
238
12
86
231
220
240
34
75
70
172
249
16
125
181
196
137
104
104
222
9
136
87
75
3
172
49
45
234
49
196
190
239
185
234
59
154
94
23
124
13
233
133
230
174
75
80
231
34
206
161
134
171
64
151
42
25
20
120
171
62
42
90
79
108
141
190
169
124
7
243
208
139
36
242
113
95
220
240
152
36
178
38
84
57
70
138
237
115
124
234
27
27
165
140
169
251
39
240
164
6
60
10
79
237
149
116
79
50
49
16
135
128
169
88
193
74
86
86
173
68
119
185
113
216
192
17
127
87
235
117
231
138
131
152
147
155
243
23
175
116
65
73
93
198
194
26
188
69
82
90
123
13
74
22
21
244
78
134
218
27
172
216
182
89
137
22
47
47
1
29
51
212
10
92
251
209
10
189
88
118
17
179
84
62
208
208
104
246
42
106
133
6
160
151
33
235
93
13
157
103
36
147
68
233
172
126
233
231
28
36
173
150
230
136
220
210
236
251
193
250
40
221
164
3
135
109
66
205
198
50
13
192
187
112
1
60
71
52
1
181
86
223
204
20
238
104
255
142
228
96
50
88
89
28
219
225
71
69
51
198
49
69
159
251
96
113
160
80
68
216
167
229
122
87
250
146
150
123
40
224
253
85
167
207
96
167
129
82
210
99
134
101
97
168
185
178
118
181
132
25
56
238
170
28
37
245
215
44
64
204
253
101
137
86
120
49
47
65
53
143
221
61
125
84
202
177
181
130
132
201
126
111
68
76
175
109
150
45
89
58
108
187
226
208
156
174
77
63
124
129
139
191
84
97
200
33
80
99
229
13
255
166
187
42
221
83
18
72
76
173
246
52
113
230
70
226
20
183
110
31
194
70
215
88
254
186
38
211
2
207
227
65
14
72
1
124
24
27
98
217
199
110
165
225
226
95
127
33
105
215
93
151
33
82
224
50
79
116
15
54
195
54
181
30
225
12
206
97
159
180
224
196
40
144
52
214
102
76
150
99
230
88
203
184
168
36
103
139
229
147
181
52
71
224
179
180
114
167
230
235
250
85
64
215
83
204
93
231
94
33
211
69
19
234
120
80
229
159
207
145
216
42
13
108
156
5
245
135
156
15
60
122
178
120
70
17
112
208
84
144
243
223
231
35
182
64
190
16
187
251
128
103
254
185
144
135
38
87
58
228
45
163
64
73
62
216
40
146
81
194
86
9
191
124
56
71
247
86
188
24
209
123
4
200
94
193
73
235
8
13
170
243
14
91
165
69
38
18
247
161
207
50
166
128
112
25
78
191
98
179
154
1
68
38
28
251
146
131
180
122
61
55
162
71
135
191
97
42
25
97
120
49
152
245
19
40
215
95
2
165
213
145
240
121
182
157
46
5
127
206
196
119
124
195
16
161
86
76
240
39
132
240
241
191
115
143
59
184
194
8
198
169
187
243
220
255
138
34
173
154
247
199
219
197
79
241
49
57
231
205
4
94
16
227
190
67
225
1
43
218
8
209
73
24
212
170
138
214
87
21
81
141
123
26
31
202
115
241
29
5
29
63
147
14
162
233
38
228
74
93
139
65
113
206
192
242
109
244
192
78
128
6
104
236
169
113
147
199
32
139
105
44
209
12
223
46
26
76
249
89
83
44
138
56
97
235
28
97
1
43
67
200
239
198
37
156
170
135
53
229
198
220
142
67
199
230
87
242
171
107
135
3
137
216
228
4
117
242
27
235
207
80
140
223
206
122
238
5
153
210
143
206
204
107
184
226
220
58
65
169
123
162
167
160
121
92
109
189
252
92
149
233
74
151
158
139
144
47
115
202
20
17
121
70
69
5
132
163
219
80
245
86
18
207
16
173
175
28
244
131
220
48
240
113
105
183
159
61
156
170
193
56
217
254
176
156
84
219
225
159
90
81
160
167
29
254
181
64
75
211
243
254
160
125
29
180
135
222
183
245
222
208
120
179
213
147
136
153
100
45
100
11
191
239
212
139
190
40
89
43
66
192
69
220
120
246
165
120
25
1
139
7
203
104
141
210
187
222
40
118
115
152
67
190
196
236
106
90
46
247
47
237
73
243
197
33
95
195
132
57
115
171
195
68
0
103
197
252
112
104
157
117
207
96
63
93
245
120
196
84
151
178
190
186
101
36
155
244
248
247
148
193
239
146
219
21
71
40
230
110
226
99
204
89
241
3
7
93
183
77
248
116
37
62
225
236
107
42
154
135
2
91
123
217
111
49
4
164
130
232
75
25
120
221
48
189
181
56
98
226
95
187
80
131
193
97
58
44
49
20
61
120
196
71
254
91
241
76
197
61
52
182
135
74
139
220
228
114
97
8
142
242
6
94
171
36
145
109
42
117
133
191
40
12
172
190
175
169
224
198
220
150
89
155
120
168
163
212
21
30
95
50
124
238
218
191
115
132
157
218
43
117
178
126
97
139
162
78
226
144
210
95
120
185
156
118
70
42
73
224
32
156
214
184
216
240
177
241
161
218
159
35
153
102
128
185
166
86
89
191
53
171
126
98
30
181
149
246
135
214
63
13
97
134
255
123
164
235
205
232
75
18
110
84
213
61
40
112
88
229
94
76
211
94
32
149
215
247
58
31
32
188
193
57
53
119
113
0
73
1
248
146
125
171
161
65
130
7
205
77
255
68
151
127
169
64
136
115
182
247
149
92
232
185
213
2
98
194
164
145
48
177
76
108
82
56
175
67
209
59
255
0
62
254
246
23
214
27
92
207
195
104
39
176
4
82
118
154
185
41
203
184
239
219
56
160
189
245
204
50
243
158
224
179
33
70
120
143
20
0
255
238
160
149
202
225
37
140
33
180
244
54
146
158
252
186
166
111
53
25
128
187
230
252
25
192
8
210
75
195
238
59
53
136
238
203
41
215
158
189
246
164
128
0
97
77
230
190
70
220
17
5
64
99
119
241
209
48
27
51
3
227
140
208
76
101
43
135
225
140
11
152
246
119
144
14
100
88
16
49
234
29
66
44
184
171
188
219
131
27
192
182
34
222
139
82
163
111
104
111
48
161
35
190
157
182
230
69
86
126
225
41
56
241
225
128
53
165
101
5
168
205
44
251
200
201
23
114
83
28
232
187
255
17
128
202
19
8
146
61
118
204
147
84
241
119
163
100
141
190
6
41
43
255
126
209
95
179
25
228
29
165
214
34
119
224
225
154
14
132
164
42
100
110
149
96
155
83
81
20
36
69
224
34
0
224
60
175
110
195
198
87
43
107
203
7
76
67
33
22
146
233
182
82
187
27
187
200
179
20
34
7
120
126
219
85
68
20
203
116
95
222
238
181
88
236
188
22
152
179
210
15
228
203
68
233
99
79
197
221
234
141
129
21
26
87
58
180
167
190
191
138
142
253
124
3
202
160
115
34
14
186
157
208
42
125
145
187
30
2
201
77
236
139
243
77
161
59
240
197
162
220
165
90
180
189
79
109
93
113
181
73
126
207
32
75
179
106
92
210
33
199
138
88
78
83
119
219
156
5
179
1
122
221
141
126
208
245
178
29
236
29
146
253
77
113
205
173
62
125
221
62
115
192
199
108
22
130
161
158
160
123
214
143
111
192
33
248
255
133
242
56
64
224
84
155
173
136
197
228
205
120
105
51
150
110
116
200
217
113
222
198
97
81
59
105
49
77
43
242
154
7
223
96
192
11
232
100
78
254
208
90
41
61
126
181
15
201
127
130
129
157
232
225
100
199
18
163
55
129
163
126
129
187
96
163
121
84
129
173
31
238
83
1
169
132
162
141
79
37
5
85
210
84
164
224
133
17
243
49
31
113
3
188
187
84
215
83
2
89
87
161
198
80
26
147
150
215
129
11
251
169
76
106
100
176
116
0
142
25
122
132
82
74
12
3
210
213
213
148
166
225
168
77
5
29
201
216
31
251
251
31
138
207
38
163
153
106
255
43
71
191
224
190
87
122
215
181
203
24
197
109
187
209
63
215
221
80
73
176
191
60
189
132
222
166
159
228
220
181
169
62
200
199
26
149
189
66
116
248
209
73
154
60
68
252
91
194
168
60
114
220
170
147
114
89
11
236
43
55
10
195
87
5
79
150
92
226
206
157
43
24
185
63
154
31
198
159
228
242
234
107
8
62
18
119
10
68
81
143
165
97
187
27
94
138
201
48
77
61
24
169
242
252
211
48
206
102
117
12
139
133
228
29
93
131
106
5
98
95
227
75
74
60
210
55
35
83
121
209
16
252
229
104
212
197
35
232
80
141
139
112
102
99
206
190
237
236
241
163
245
97
87
170
198
14
11
167
196
192
217
35
209
203
240
174
86
209
160
85
131
17
171
16
180
208
86
82
245
161
156
177
92
74
109
84
182
137
53
18
196
83
224
77
245
90
159
13
80
66
54
36
227
14
182
69
115
34
43
238
11
200
82
221
111
254
66
16
207
59
189
210
124
63
88
251
71
209
232
35
145
66
233
247
55
0
107
18
222
62
121
255
102
144
232
136
214
41
210
212
6
78
209
241
235
210
106
40
135
37
103
187
106
188
156
151
9
5
110
46
27
153
76
234
46
199
217
98
106
162
26
141
69
208
113
70
5
248
102
208
128
54
72
118
44
238
250
183
237
17
179
81
206
227
12
221
208
67
175
144
53
137
40
156
28
31
193
141
246
192
142
173
112
70
143
14

96

1 0
1 32
1 64
1 96
1 128
1 160
1 192
1 224
1 256
1 288
1 320
1 352
1 384
1 416
1 448
1 480
1 512
1 544
1 576
1 608
1 640
1 672
1 704
1 736
1 768
1 800
1 832
1 864
1 896
1 928
1 960
1 992

0 1024 0
0 1056 1
0 1088 2
0 1120 3
0 1152 4
0 1184 5
0 1216 6
0 1248 7
0 1280 8
0 1312 9
0 1344 10
0 1376 11
0 1408 12
0 1440 13
0 1472 14
0 1504 15
0 1536 16
0 1568 17
0 1600 18
0 1632 19
0 1664 20
0 1696 21
0 1728 22
0 1760 23
0 1792 24
0 1824 25
0 1856 26
0 1888 27
0 1920 28
0 1952 29
0 1984 30
0 2016 31

1 1024
1 1056
1 1088
1 1120
1 1152
1 1184
1 1216
1 1248
1 1280
1 1312
1 1344
1 1376
1 1408
1 1440
1 1472
1 1504
1 1536
1 1568
1 1600
1 1632
1 1664
1 1696
1 1728
1 1760
1 1792
1 1824
1 1856
1 1888
1 1920
1 1952
1 1984
1 2016
